17
4
455 309
309 140
140 308
308 291
5
455 309
309 140
140 308
308 291
291 202
6
455 309
309 140
140 308
308 291
291 202
202 620
7
455 309
309 140
140 308
308 291
291 202
202 620
620 135
8
455 309
309 140
140 308
308 291
291 202
202 620
620 135
135 709
9
455 309
309 140
140 308
308 291
291 202
202 620
620 135
135 709
709 852
10
455 309
309 140
140 308
308 291
291 202
202 620
620 135
135 709
709 852
852 353
11
455 309
309 140
140 308
308 291
291 202
202 620
620 135
135 709
709 852
852 353
353 840
12
455 309
309 140
140 308
308 291
291 202
202 620
620 135
135 709
709 852
852 353
353 840
840 476
13
455 309
309 140
140 308
308 291
291 202
202 620
620 135
135 709
709 852
852 353
353 840
840 476
476 455
14
455 309
309 140
140 308
308 291
291 202
202 620
620 135
135 709
709 852
852 353
353 840
840 476
476 455
455 290
15
455 309
309 140
140 308
308 291
291 202
202 620
620 135
135 709
709 852
852 353
353 840
840 476
476 455
455 290
290 583
16
455 309
309 140
140 308
308 291
291 202
202 620
620 135
135 709
709 852
852 353
353 840
840 476
476 455
455 290
290 583
583 664
17
455 309
309 140
140 308
308 291
291 202
202 620
620 135
135 709
709 852
852 353
353 840
840 476
476 455
455 290
290 583
583 664
664 222
18
455 309
309 140
140 308
308 291
291 202
202 620
620 135
135 709
709 852
852 353
353 840
840 476
476 455
455 290
290 583
583 664
664 222
222 174
19
455 309
309 140
140 308
308 291
291 202
202 620
620 135
135 709
709 852
852 353
353 840
840 476
476 455
455 290
290 583
583 664
664 222
222 174
174 836
20
455 309
309 140
140 308
308 291
291 202
202 620
620 135
135 709
709 852
852 353
353 840
840 476
476 455
455 290
290 583
583 664
664 222
222 174
174 836
836 957
